3.004028120297878
1
3.006928489717552
1
3.006308044313834
1
3.006125472280939
1
3.006051783805661
1
3.00603150963452
1
3.006051854271625
1
3.006125614083077
1
3.006308260075614
1
3.006928764507682
1
3.004028268220895
1
3.007308648862843
1
3.013662885905023
1
3.012820455520123
1
3.012446003377605
1
3.012286105635082
1
3.012239946991272
1
3.012286038678733
1
3.012445869113489
1
3.012820252777829
1
3.013662574084604
1
3.007308455739484
1
3.006293778664002
1
3.013017509374606
1
3.012893306962999
1
3.012623389284867
1
3.012471846023402
1
3.012424212809421
1
3.012471842395601
1
3.012623381543727
1
3.012893293598656
1
3.013017453350505
1
3.006293730996517
1
3.005768105427843
1
3.012056307909697
1
3.012360203219726
1
3.012326338633485
1
3.012248462600472
1
3.012217860175972
1
3.012248457941169
1
3.012326328695914
1
3.012360186821256
1
3.012056253596624
1
3.005768061092728
1
3.005299815925957
1
3.011032296772347
1
3.011423103046239
1
3.011551073139464
1
3.011564783611788
1
3.011560320778837
1
3.011564778604272
1
3.011551062722514
1
3.011423086837865
1
3.0110322467689
1
3.005299775485695
1
3.004765128756443
1
3.00985368739651
1
3.01020263844293
1
3.010379467306049
1
3.01044779773442
1
3.01046371335656
1
3.010447792941643
1
3.01037945752612
1
3.010202623709381
1
3.009853642670095
1
3.004765092584278
1
3.00411719448309
1
3.008453485447033
1
3.008715604338765
1
3.008877498214177
1
3.008959205152312
1
3.008983333569943
1
3.008959200840453
1
3.00887748948685
1
3.008715591365287
1
3.008453446544286
1
3.004117163062561
1
3.003332457915437
1
3.006790106872828
1
3.006959663522033
1
3.007084166212072
1
3.007157586629936
1
3.007181363717388
1
3.007157582853449
1
3.007084158564028
1
3.006959652187796
1
3.00679007427771
1
3.003332431844677
1
3.002394913345475
1
3.004836058272439
1
3.004935296246769
1
3.005027469952426
1
3.005086871824232
1
3.005106770996179
1
3.005086868567842
1
3.005027463263159
1
3.004935286284527
1
3.004836032525542
1
3.002394893324185
1
3.001285516105903
1
3.002580686473511
1
3.00265195543769
1
3.002727439760344
1
3.002777021563217
1
3.002793917831876
1
3.002777024847954
1
3.00272744632996
1
3.002651965668392
1
3.002580693605925
1
3.001285517102779
1
3.000341811991945
0.8375583536622051
3.000686950157984
0.6730082648003539
3.00072133381533
0.6706670746875417
3.00075775196651
0.6693400494793745
3.000782056191321
0.6687172344742747
3.000790540954413
0.6685404951071225
3.000782078598882
0.668717279744948
3.000757796596969
0.6693401613308815
3.000721400328192
0.6706672772500665
3.000687035520176
0.6730169119270093
3.000341858666663
0.8375668750971279
